\documentclass{report}

\usepackage[a4paper,margin=1in,landscape]{geometry}
\usepackage{array}
\usepackage{xcolor}

\newcolumntype{P}[1]{>{\raggedleft\arraybackslash}b{#1}}
\newcommand{\bftab}{\fontseries{b}\selectfont}

\begin{document}
\section{Correlation coefficients using Pearson's correlation coefficient}
\begin{tabular}{l || *{12}{P{1.2cm}}}
& fixed acidity & citric acid & total sulfur dioxide & volatile acidity & pH & residual sugar & chlorides & quality & free sulfur dioxide & alcohol & density & sulphates\\
\hline 
fixed acidity & \bftab 1.0000 & 0.2892 & 0.0911 & -0.0227 & -0.4259 & 0.0890 & 0.0231 & -0.1137 & -0.0494 & -0.1209 & 0.2653 & -0.0171 \\

citric acid & 0.2892 & \bftab 1.0000 & 0.1211 & -0.1495 & -0.1637 & 0.0942 & 0.1144 & -0.0092 & 0.0941 & -0.0757 & 0.1495 & 0.0623 \\

total sulfur dioxide & 0.0911 & 0.1211 & \bftab 1.0000 & 0.0893 & 0.0023 & 0.4014 & 0.1989 & -0.1747 & \bftab 0.6155 & -0.4489 & \bftab 0.5299 & 0.1346 \\

volatile acidity & -0.0227 & -0.1495 & 0.0893 & \bftab 1.0000 & -0.0319 & 0.0643 & 0.0705 & -0.1947 & -0.0970 & 0.0677 & 0.0271 & -0.0357 \\

pH & -0.4259 & -0.1637 & 0.0023 & -0.0319 & \bftab 1.0000 & -0.1941 & -0.0904 & 0.0994 & -0.0006 & 0.1214 & -0.0936 & 0.1560 \\

residual sugar & 0.0890 & 0.0942 & 0.4014 & 0.0643 & -0.1941 & \bftab 1.0000 & 0.0887 & -0.0976 & 0.2991 & -0.4506 & \bftab 0.8390 & -0.0267 \\

chlorides & 0.0231 & 0.1144 & 0.1989 & 0.0705 & -0.0904 & 0.0887 & \bftab 1.0000 & -0.2099 & 0.1014 & -0.3602 & 0.2572 & 0.0168 \\

quality & -0.1137 & -0.0092 & -0.1747 & -0.1947 & 0.0994 & -0.0976 & -0.2099 & \bftab 1.0000 & 0.0082 & 0.4356 & -0.3071 & 0.0537 \\

free sulfur dioxide & -0.0494 & 0.0941 & \bftab 0.6155 & -0.0970 & -0.0006 & 0.2991 & 0.1014 & 0.0082 & \bftab 1.0000 & -0.2501 & 0.2942 & 0.0592 \\

alcohol & -0.1209 & -0.0757 & -0.4489 & 0.0677 & 0.1214 & -0.4506 & -0.3602 & 0.4356 & -0.2501 & \bftab 1.0000 & \bftab -0.7801 & -0.0174 \\

density & 0.2653 & 0.1495 & \bftab 0.5299 & 0.0271 & -0.0936 & \bftab 0.8390 & 0.2572 & -0.3071 & 0.2942 & \bftab -0.7801 & \bftab 1.0000 & 0.0745 \\

sulphates & -0.0171 & 0.0623 & 0.1346 & -0.0357 & 0.1560 & -0.0267 & 0.0168 & 0.0537 & 0.0592 & -0.0174 & 0.0745 & \bftab 1.0000 \\
\end{tabular}

\section{Correlation coefficients using Spearman's rho}
\begin{tabular}{l || *{12}{P{1.2cm}}}
& fixed acidity & citric acid & total sulfur dioxide & volatile acidity & pH & residual sugar & chlorides & quality & free sulfur dioxide & alcohol & density & sulphates\\
\hline 
fixed acidity & \bftab 1.0000 & 0.2979 & 0.1126 & -0.0429 & -0.4183 & 0.1067 & 0.0947 & -0.0845 & -0.0245 & -0.1068 & 0.2700 & -0.0132 \\

citric acid & 0.2979 & \bftab 1.0000 & 0.0932 & -0.1504 & -0.1462 & 0.0246 & 0.0327 & 0.0183 & 0.0883 & -0.0292 & 0.0914 & 0.0798 \\

total sulfur dioxide & 0.1126 & 0.0932 & \bftab 1.0000 & 0.1176 & -0.0118 & 0.4313 & 0.3752 & -0.1967 & \bftab 0.6186 & -0.4766 & \bftab 0.5638 & 0.1578 \\

volatile acidity & -0.0429 & -0.1504 & 0.1176 & \bftab 1.0000 & -0.0452 & 0.1086 & -0.0049 & -0.1966 & -0.0812 & 0.0340 & 0.0101 & -0.0169 \\

pH & -0.4183 & -0.1462 & -0.0118 & -0.0452 & \bftab 1.0000 & -0.1800 & -0.0540 & 0.1094 & -0.0063 & 0.1489 & -0.1101 & 0.1402 \\

residual sugar & 0.1067 & 0.0246 & 0.4313 & 0.1086 & -0.1800 & \bftab 1.0000 & 0.2278 & -0.0821 & 0.3461 & -0.4453 & \bftab 0.7804 & -0.0038 \\

chlorides & 0.0947 & 0.0327 & 0.3752 & -0.0049 & -0.0540 & 0.2278 & \bftab 1.0000 & -0.3145 & 0.1670 & \bftab -0.5708 & \bftab 0.5083 & 0.0939 \\

quality & -0.0845 & 0.0183 & -0.1967 & -0.1966 & 0.1094 & -0.0821 & -0.3145 & \bftab 1.0000 & 0.0237 & 0.4404 & -0.3484 & 0.0333 \\

free sulfur dioxide & -0.0245 & 0.0883 & \bftab 0.6186 & -0.0812 & -0.0063 & 0.3461 & 0.1670 & 0.0237 & \bftab 1.0000 & -0.2726 & 0.3278 & 0.0523 \\

alcohol & -0.1068 & -0.0292 & -0.4766 & 0.0340 & 0.1489 & -0.4453 & \bftab -0.5708 & 0.4404 & -0.2726 & \bftab 1.0000 & \bftab -0.8219 & -0.0449 \\

density & 0.2700 & 0.0914 & \bftab 0.5638 & 0.0101 & -0.1101 & \bftab 0.7804 & \bftab 0.5083 & -0.3484 & 0.3278 & \bftab -0.8219 & \bftab 1.0000 & 0.0951 \\

sulphates & -0.0132 & 0.0798 & 0.1578 & -0.0169 & 0.1402 & -0.0038 & 0.0939 & 0.0333 & 0.0523 & -0.0449 & 0.0951 & \bftab 1.0000 \\
\end{tabular}

\section{Correlation coefficients using Kendall's tau}
\begin{tabular}{l || *{12}{P{1.2cm}}}
& fixed acidity & citric acid & total sulfur dioxide & volatile acidity & pH & residual sugar & chlorides & quality & free sulfur dioxide & alcohol & density & sulphates\\
\hline 
fixed acidity & \bftab 1.0000 & 0.2086 & 0.0773 & -0.0296 & -0.2948 & 0.0749 & 0.0654 & -0.0655 & -0.0169 & -0.0732 & 0.1855 & -0.0087 \\

citric acid & 0.2086 & \bftab 1.0000 & 0.0622 & -0.1040 & -0.1013 & 0.0153 & 0.0223 & 0.0146 & 0.0608 & -0.0200 & 0.0615 & 0.0545 \\

total sulfur dioxide & 0.0773 & 0.0622 & \bftab 1.0000 & 0.0813 & -0.0084 & 0.2933 & 0.2571 & -0.1512 & 0.4447 & -0.3258 & 0.3884 & 0.1087 \\

volatile acidity & -0.0296 & -0.1040 & 0.0813 & \bftab 1.0000 & -0.0304 & 0.0728 & -0.0035 & -0.1548 & -0.0548 & 0.0235 & 0.0066 & -0.0116 \\

pH & -0.2948 & -0.1013 & -0.0084 & -0.0304 & \bftab 1.0000 & -0.1256 & -0.0379 & 0.0844 & -0.0052 & 0.1026 & -0.0756 & 0.0958 \\

residual sugar & 0.0749 & 0.0153 & 0.2933 & 0.0728 & -0.1256 & \bftab 1.0000 & 0.1553 & -0.0631 & 0.2367 & -0.3056 & \bftab 0.5890 & -0.0025 \\

chlorides & 0.0654 & 0.0223 & 0.2571 & -0.0035 & -0.0379 & 0.1553 & \bftab 1.0000 & -0.2449 & 0.1139 & -0.4040 & 0.3491 & 0.0626 \\

quality & -0.0655 & 0.0146 & -0.1512 & -0.1548 & 0.0844 & -0.0631 & -0.2449 & \bftab 1.0000 & 0.0172 & 0.3467 & -0.2666 & 0.0264 \\

free sulfur dioxide & -0.0169 & 0.0608 & 0.4447 & -0.0548 & -0.0052 & 0.2367 & 0.1139 & 0.0172 & \bftab 1.0000 & -0.1825 & 0.2173 & 0.0356 \\

alcohol & -0.0732 & -0.0200 & -0.3258 & 0.0235 & 0.1026 & -0.3056 & -0.4040 & 0.3467 & -0.1825 & \bftab 1.0000 & \bftab -0.6351 & -0.0264 \\

density & 0.1855 & 0.0615 & 0.3884 & 0.0066 & -0.0756 & \bftab 0.5890 & 0.3491 & -0.2666 & 0.2173 & \bftab -0.6351 & \bftab 1.0000 & 0.0642 \\

sulphates & -0.0087 & 0.0545 & 0.1087 & -0.0116 & 0.0958 & -0.0025 & 0.0626 & 0.0264 & 0.0356 & -0.0264 & 0.0642 & \bftab 1.0000 \\
\end{tabular}

\end{document}