\documentclass{report}

\usepackage[a4paper,margin=1in,landscape]{geometry}
\usepackage{array}
\usepackage{xcolor}
\usepackage{graphicx}
\usepackage{float}

\newcolumntype{P}[1]{>{\raggedleft\arraybackslash}b{#1}}
\newcommand{\bftab}{\fontseries{b}\selectfont}

\begin{document}
\section{Plots of single attributes}
\centering
\subsection{citric acid}
\includegraphics{histograms/citric_acid.pdf}
\includegraphics{boxplots/citric_acid.pdf}
\subsection{fixed acidity}
\includegraphics{histograms/fixed_acidity.pdf}
\includegraphics{boxplots/fixed_acidity.pdf}
\subsection{residual sugar}
\includegraphics{histograms/residual_sugar.pdf}
\includegraphics{boxplots/residual_sugar.pdf}
\subsection{volatile acidity}
\includegraphics{histograms/volatile_acidity.pdf}
\includegraphics{boxplots/volatile_acidity.pdf}
\subsection{free sulfur dioxide}
\includegraphics{histograms/free_sulfur_dioxide.pdf}
\includegraphics{boxplots/free_sulfur_dioxide.pdf}
\subsection{pH}
\includegraphics{histograms/pH.pdf}
\includegraphics{boxplots/pH.pdf}
\subsection{total sulfur dioxide}
\includegraphics{histograms/total_sulfur_dioxide.pdf}
\includegraphics{boxplots/total_sulfur_dioxide.pdf}
\subsection{sulphates}
\includegraphics{histograms/sulphates.pdf}
\includegraphics{boxplots/sulphates.pdf}
\subsection{quality}
\includegraphics{histograms/quality.pdf}
\includegraphics{boxplots/quality.pdf}
\subsection{chlorides}
\includegraphics{histograms/chlorides.pdf}
\includegraphics{boxplots/chlorides.pdf}
\subsection{alcohol}
\includegraphics{histograms/alcohol.pdf}
\includegraphics{boxplots/alcohol.pdf}
\subsection{density}
\includegraphics{histograms/density.pdf}
\includegraphics{boxplots/density.pdf}
\section{Correlation coefficients using different functions}

\subsection{Correlation coefficients using Pearson's correlation coefficient}
\begin{tabular}{l || *{12}{P{1.2cm}}}
& citric acid & fixed acidity & residual sugar & volatile acidity & free sulfur dioxide & pH & total sulfur dioxide & sulphates & quality & chlorides & alcohol & density\\
\hline 
citric acid & \bftab 1.0000 & 0.2892 & 0.0942 & -0.1495 & 0.0941 & -0.1637 & 0.1211 & 0.0623 & -0.0092 & 0.1144 & -0.0757 & 0.1495 \\

fixed acidity & 0.2892 & \bftab 1.0000 & 0.0890 & -0.0227 & -0.0494 & -0.4259 & 0.0911 & -0.0171 & -0.1137 & 0.0231 & -0.1209 & 0.2653 \\

residual sugar & 0.0942 & 0.0890 & \bftab 1.0000 & 0.0643 & 0.2991 & -0.1941 & 0.4014 & -0.0267 & -0.0976 & 0.0887 & -0.4506 & \bftab 0.8390 \\

volatile acidity & -0.1495 & -0.0227 & 0.0643 & \bftab 1.0000 & -0.0970 & -0.0319 & 0.0893 & -0.0357 & -0.1947 & 0.0705 & 0.0677 & 0.0271 \\

free sulfur dioxide & 0.0941 & -0.0494 & 0.2991 & -0.0970 & \bftab 1.0000 & -0.0006 & \bftab 0.6155 & 0.0592 & 0.0082 & 0.1014 & -0.2501 & 0.2942 \\

pH & -0.1637 & -0.4259 & -0.1941 & -0.0319 & -0.0006 & \bftab 1.0000 & 0.0023 & 0.1560 & 0.0994 & -0.0904 & 0.1214 & -0.0936 \\

total sulfur dioxide & 0.1211 & 0.0911 & 0.4014 & 0.0893 & \bftab 0.6155 & 0.0023 & \bftab 1.0000 & 0.1346 & -0.1747 & 0.1989 & -0.4489 & \bftab 0.5299 \\

sulphates & 0.0623 & -0.0171 & -0.0267 & -0.0357 & 0.0592 & 0.1560 & 0.1346 & \bftab 1.0000 & 0.0537 & 0.0168 & -0.0174 & 0.0745 \\

quality & -0.0092 & -0.1137 & -0.0976 & -0.1947 & 0.0082 & 0.0994 & -0.1747 & 0.0537 & \bftab 1.0000 & -0.2099 & 0.4356 & -0.3071 \\

chlorides & 0.1144 & 0.0231 & 0.0887 & 0.0705 & 0.1014 & -0.0904 & 0.1989 & 0.0168 & -0.2099 & \bftab 1.0000 & -0.3602 & 0.2572 \\

alcohol & -0.0757 & -0.1209 & -0.4506 & 0.0677 & -0.2501 & 0.1214 & -0.4489 & -0.0174 & 0.4356 & -0.3602 & \bftab 1.0000 & \bftab -0.7801 \\

density & 0.1495 & 0.2653 & \bftab 0.8390 & 0.0271 & 0.2942 & -0.0936 & \bftab 0.5299 & 0.0745 & -0.3071 & 0.2572 & \bftab -0.7801 & \bftab 1.0000 \\
\end{tabular}

\subsection{Correlation coefficients using Spearman's rho}
\begin{tabular}{l || *{12}{P{1.2cm}}}
& citric acid & fixed acidity & residual sugar & volatile acidity & free sulfur dioxide & pH & total sulfur dioxide & sulphates & quality & chlorides & alcohol & density\\
\hline 
citric acid & \bftab 1.0000 & 0.2979 & 0.0246 & -0.1504 & 0.0883 & -0.1462 & 0.0932 & 0.0798 & 0.0183 & 0.0327 & -0.0292 & 0.0914 \\

fixed acidity & 0.2979 & \bftab 1.0000 & 0.1067 & -0.0429 & -0.0245 & -0.4183 & 0.1126 & -0.0132 & -0.0845 & 0.0947 & -0.1068 & 0.2700 \\

residual sugar & 0.0246 & 0.1067 & \bftab 1.0000 & 0.1086 & 0.3461 & -0.1800 & 0.4313 & -0.0038 & -0.0821 & 0.2278 & -0.4453 & \bftab 0.7804 \\

volatile acidity & -0.1504 & -0.0429 & 0.1086 & \bftab 1.0000 & -0.0812 & -0.0452 & 0.1176 & -0.0169 & -0.1966 & -0.0049 & 0.0340 & 0.0101 \\

free sulfur dioxide & 0.0883 & -0.0245 & 0.3461 & -0.0812 & \bftab 1.0000 & -0.0063 & \bftab 0.6186 & 0.0523 & 0.0237 & 0.1670 & -0.2726 & 0.3278 \\

pH & -0.1462 & -0.4183 & -0.1800 & -0.0452 & -0.0063 & \bftab 1.0000 & -0.0118 & 0.1402 & 0.1094 & -0.0540 & 0.1489 & -0.1101 \\

total sulfur dioxide & 0.0932 & 0.1126 & 0.4313 & 0.1176 & \bftab 0.6186 & -0.0118 & \bftab 1.0000 & 0.1578 & -0.1967 & 0.3752 & -0.4766 & \bftab 0.5638 \\

sulphates & 0.0798 & -0.0132 & -0.0038 & -0.0169 & 0.0523 & 0.1402 & 0.1578 & \bftab 1.0000 & 0.0333 & 0.0939 & -0.0449 & 0.0951 \\

quality & 0.0183 & -0.0845 & -0.0821 & -0.1966 & 0.0237 & 0.1094 & -0.1967 & 0.0333 & \bftab 1.0000 & -0.3145 & 0.4404 & -0.3484 \\

chlorides & 0.0327 & 0.0947 & 0.2278 & -0.0049 & 0.1670 & -0.0540 & 0.3752 & 0.0939 & -0.3145 & \bftab 1.0000 & \bftab -0.5708 & \bftab 0.5083 \\

alcohol & -0.0292 & -0.1068 & -0.4453 & 0.0340 & -0.2726 & 0.1489 & -0.4766 & -0.0449 & 0.4404 & \bftab -0.5708 & \bftab 1.0000 & \bftab -0.8219 \\

density & 0.0914 & 0.2700 & \bftab 0.7804 & 0.0101 & 0.3278 & -0.1101 & \bftab 0.5638 & 0.0951 & -0.3484 & \bftab 0.5083 & \bftab -0.8219 & \bftab 1.0000 \\
\end{tabular}

\subsection{Correlation coefficients using Kendall's tau}
\begin{tabular}{l || *{12}{P{1.2cm}}}
& citric acid & fixed acidity & residual sugar & volatile acidity & free sulfur dioxide & pH & total sulfur dioxide & sulphates & quality & chlorides & alcohol & density\\
\hline 
citric acid & \bftab 1.0000 & 0.2086 & 0.0153 & -0.1040 & 0.0608 & -0.1013 & 0.0622 & 0.0545 & 0.0146 & 0.0223 & -0.0200 & 0.0615 \\

fixed acidity & 0.2086 & \bftab 1.0000 & 0.0749 & -0.0296 & -0.0169 & -0.2948 & 0.0773 & -0.0087 & -0.0655 & 0.0654 & -0.0732 & 0.1855 \\

residual sugar & 0.0153 & 0.0749 & \bftab 1.0000 & 0.0728 & 0.2367 & -0.1256 & 0.2933 & -0.0025 & -0.0631 & 0.1553 & -0.3056 & \bftab 0.5890 \\

volatile acidity & -0.1040 & -0.0296 & 0.0728 & \bftab 1.0000 & -0.0548 & -0.0304 & 0.0813 & -0.0116 & -0.1548 & -0.0035 & 0.0235 & 0.0066 \\

free sulfur dioxide & 0.0608 & -0.0169 & 0.2367 & -0.0548 & \bftab 1.0000 & -0.0052 & 0.4447 & 0.0356 & 0.0172 & 0.1139 & -0.1825 & 0.2173 \\

pH & -0.1013 & -0.2948 & -0.1256 & -0.0304 & -0.0052 & \bftab 1.0000 & -0.0084 & 0.0958 & 0.0844 & -0.0379 & 0.1026 & -0.0756 \\

total sulfur dioxide & 0.0622 & 0.0773 & 0.2933 & 0.0813 & 0.4447 & -0.0084 & \bftab 1.0000 & 0.1087 & -0.1512 & 0.2571 & -0.3258 & 0.3884 \\

sulphates & 0.0545 & -0.0087 & -0.0025 & -0.0116 & 0.0356 & 0.0958 & 0.1087 & \bftab 1.0000 & 0.0264 & 0.0626 & -0.0264 & 0.0642 \\

quality & 0.0146 & -0.0655 & -0.0631 & -0.1548 & 0.0172 & 0.0844 & -0.1512 & 0.0264 & \bftab 1.0000 & -0.2449 & 0.3467 & -0.2666 \\

chlorides & 0.0223 & 0.0654 & 0.1553 & -0.0035 & 0.1139 & -0.0379 & 0.2571 & 0.0626 & -0.2449 & \bftab 1.0000 & -0.4040 & 0.3491 \\

alcohol & -0.0200 & -0.0732 & -0.3056 & 0.0235 & -0.1825 & 0.1026 & -0.3258 & -0.0264 & 0.3467 & -0.4040 & \bftab 1.0000 & \bftab -0.6351 \\

density & 0.0615 & 0.1855 & \bftab 0.5890 & 0.0066 & 0.2173 & -0.0756 & 0.3884 & 0.0642 & -0.2666 & 0.3491 & \bftab -0.6351 & \bftab 1.0000 \\
\end{tabular}

\end{document}